574316
239464
524236
452528
035615
568693
732926
255260
803586
177905
662546
732544
751879
943598
412830
899885
596809
860846
450879
682015
089899
120308
833793
346037
008333
785719
892645
716766
400724
546586
946028
451149
496798
563909
055555
111013
571829
397563
025283
101684
348826
280471
384581
087410
910310
929389
986876
262219
002727
519076
167903
765497
095371
763614
753665
726259
510559
534246
942592
496980
868711
284213
808113
000189
545743
830081
336724
139339
246326
481877
310139
990837
917023
903711
793769
374613
866447
503856
185218
967727
574889
524050
499015
683826
909207
005740
099450
750488
694609
760015
590330
278096
257428
030383
582324
673988
661639
644344
244330
174205
